original: 0.999375 0.0
optimal: 0.38775109374999994 0.07354328964872292